iex(33)> Rabbit.GPS.get_version
[
  'write',
  #Reference<0.3507332175.805699594.168852>,
  <<181, 98, 10, 4, 0, 0, 14, 52>>
]
:ok
['write_read', #Reference<0.3507332175.805699594.168853>, <<253>>, 2]
[:result, {:ok, <<0, 168>>}]
{:bytes_to_read, 168}
['read', 168]
[
  'response in get_version?',
  <<181, 98, 10, 4, 160, 0, 82, 79, 77, 32, 67, 79, 82, 69, 32, 51, 46, 48, 49,
    32, 40, 49, 48, 55, 56, 56, 56, 41, 0, 0, 0, 0, 0, 0, 0, 0, 48, 48, 48, 56,
    48, 48, 48, 48, 0, 0, 70, 87, 86, 69, 82, 61, 83, 80, 71, 32, 51, 46, 48,
    49, 0, 0, 0, 0, 0, 0, 0, 0, 0, 0, 0, 0, 0, 0, 0, 0, 80, 82, 79, 84, 86, 69,
    82, 61, 49, 56, 46, 48, 48, 0, 0, 0, 0, 0, 0, 0, 0, 0, 0, 0, 0, 0, 0, 0, 0,
    0, 71, 80, 83, 59, 71, 76, 79, 59, 71, 65, 76, 59, 66, 68, 83, 0, 0, 0, 0,
    0, 0, 0, 0, 0, 0, 0, 0, 0, 0, 0, 83, 66, 65, 83, 59, 73, 77, 69, 83, 59, 81,
    90, 83, 83, 0, 0, 0, 0, 0, 0, 0, 0, 0, 0, 0, 0, 0, 0, 0, 0, 65, 210>>
]
%{
  calculated: <<65, 210>>,
  checksum: <<65, 210>>,
  msg_class: 10,
  msg_id: 4,
  payload: <<82, 79, 77, 32, 67, 79, 82, 69, 32, 51, 46, 48, 49, 32, 40, 49, 48,
    55, 56, 56, 56, 41, 0, 0, 0, 0, 0, 0, 0, 0, 48, 48, 48, 56, 48, 48, 48, 48,
    0, 0, 70, 87, 86, 69, 82, 61, 83, 80, 71, 32, 51, 46, 48, 49, 0, 0, 0, 0, 0,
    0, 0, 0, 0, 0, 0, 0, 0, 0, 0, 0, 80, 82, 79, 84, 86, 69, 82, 61, 49, 56, 46,
    48, 48, 0, 0, 0, 0, 0, 0, 0, 0, 0, 0, 0, 0, 0, 0, 0, 0, 0, 71, 80, 83, 59,
    71, 76, 79, 59, 71, 65, 76, 59, 66, 68, 83, 0, 0, 0, 0, 0, 0, 0, 0, 0, 0, 0,
    0, 0, 0, 0, 83, 66, 65, 83, 59, 73, 77, 69, 83, 59, 81, 90, 83, 83, 0, 0, 0,
    0, 0, 0, 0, 0, 0, 0, 0, 0, 0, 0, 0, 0>>,
  payload_length: 160
}
["ROM CORE 3.01 (107888)", "00080000", "FWVER=SPG 3.01", "PROTVER=18.00",
 "GPS;GLO;GAL;BDS", "SBAS;IMES;QZSS"]
["ROM CORE 3.01 (107888)", "00080000", "FWVER=SPG 3.01", "PROTVER=18.00",
 "GPS;GLO;GAL;BDS", "SBAS;IMES;QZSS"]
