a bunch of nav_pvt messages

- Packet.decode
- send entire stream to something and decode each part
- split on <<


181, 98>> ?

<<


181, 98, 1, 7, 92, 0, 12, 18, 106, 4, 228, 7, 12, 13, 20, 34, 2, 55, 6, 0, 0,
   0, 242, 50, 226, 17, 3, 1, 10, 11, 16, 138, 109, 206, 9, 151, 89, 25, 86,
   187, 2, 0, 151, 67, 3, 0, 56, 7, 0, 0, 101, 10, 0, 0, 244, 255, 255, 255,
   242, 255, 255, 255, 253, 255, 255, 255, 18, 0, 0, 0, 231, 20, 67, 1, 2, 1, 0,
   128, 161, 244, 72, 0, 160, 0, 0, 0, 224, 74, 35, 0, 0, 0, 0, 0, 0, 0, 0, 0,
   22, 208,


   181, 98, 1, 7, 92, 0, 112, 18, 106, 4, 228, 7, 12, 13, 20, 34, 2,
   55, 6, 0, 0, 0, 25, 20, 216, 23, 3, 1, 10, 11, 15, 138, 109, 206, 10, 151,
   89, 25, 108, 187, 2, 0, 172, 67, 3, 0, 56, 7, 0, 0, 99, 10, 0, 0, 37, 0, 0,
   0, 234, 255, 255, 255, 244, 255, 255, 255, 43, 0, 0, 0, 231, 20, 67, 1, 47,
   1, 0, 0, 190, 245, 72, 0, 160, 0, 0, 0, 224, 74, 35, 0, 0, 0, 0, 0, 0, 0, 0,
   0, 47, 205,


   181, 98, 1, 7, 92, 0, 212, 18, 106, 4, 228, 7, 12, 13, 20, 34, 2,
   55, 6, 0, 0, 0, 65, 245, 205, 29, 3, 1, 10, 11, 15, 138, 109, 206, 9, 151,
   89, 25, 75, 187, 2, 0, 140, 67, 3, 0, 55, 7, 0, 0, 98, 10, 0, 0, 2, 0, 0, 0,
   17, 0, 0, 0, 5, 0, 0, 0, 17, 0, 0, 0, 231, 20, 67, 1, 0, 1, 0, 0, 175, 246,
   72, 0, 160, 0, 0, 0, 224, 74, 35, 0, 0, 0, 0, 0, 0, 0, 0, 0, 23, 63,


   181, 98,
   1, 7, 92, 0, 56, 19, 106, 4, 228, 7, 12, 13, 20, 34, 2, 55, 6, 0, 0, 0, 105,
   214, 195, 35, 3, 1, 10, 11, 13, 138, 109, 206, 8, 151, 89, 25, 93, 187, 2, 0,
   158, 67, 3, 0, 55, 7, 0, 0, 97, 10, 0, 0, 193, 255, 255, 255, 196, 255, 255,
   255, 8, 0, 0, 0, 88, 0, 0, 0, 231, 20, 195, 1, 13, 1, 0, 0, 173, 247, 72, 0,
   160, 0, 0, 0, 224, 74, 35, 0, 0, 0, 0, 0, 0, 0, 0, 0, 99, 162,


   181, 98, 1, 7,
   92, 0, 156, 19, 106, 4, 228, 7, 12, 13, 20, 34, 130, 55, 6, 0, 0, 0, 144,
   183, 185, 41, 131, 1, 10, 11, 14, 138, 109, 206, 8, 151, 89, 25, 113, 187, 2,
   0, 177, 67, 3, 0, 55, 7, 0, 0, 95, 10, 0, 0, 218, 255, 255, 255, 1, 0, 0, 0,
   2, 0, 0, 0, 38, 0, 0, 0, 231, 20, 67, 1, 42, 1, 0, 0, 198, 248, 72, 0, 160,
   0, 0, 0, 224, 74, 35, 0, 0, 0, 0, 0, 0, 0, 0, 0, 73, 140,


   181, 98, 1, 7, 92,
   0, 0, 20, 106, 4, 228, 7, 12, 13, 20, 34, 2, 55, 6, 0, 0, 0, 184, 152, 175,
   47, 3, 1, 10, 11, 11, 138, 109, 206, 8, 151, 89, 25, 90, 187, 2, 0, 155, 67,
   3, 0, 55, 7, 0, 0, 94, 10, 0, 0, 24, 0, 0, 0, 213, 255, 255, 255, 8, 0, 0, 0,
   50, 0, 0, 0, 231, 20, 67, 1, 30, 1, 0, 0, 211, 249, 72, 0, 160, 0, 0, 0, 224,
   74, 35, 0, 0, 0, 0, 0, 0, 0, 0, 0, 168, 103,


   181, 98, 1, 7, 92, 0, 100, 20,
   106, 4, 228, 7, 12, 13, 20, 34, 2, 55, 6, 0, 0, 0, 223, 121, 165, 53, 3, 1,
   10, 11, 10, 138, 237, 206, 7, 151, 89, 25, 90, 187, 2, 0, 154, 67, 131, 0,
   54, 7, 0, 0, 93, 10, 0, 0, 255, 255, 255, 255, 178, 255, 255, 255, 8, 0, 0,
   0, 78, 0, 0, 0, 231, 20, 67, 1, 11, 1, 0, 0, 206, 250, 72, 0, 160, 0, 0, 0,
   224, 74, 35, 0, 0, 0, 0, 0, 0, 0, 0, 0, 209, 173,


   181, 98, 1, 7, 92, 0, 200,
   20, 106, 4, 228, 7, 12, 13, 20, 34, 3, 55, 6, 0, 0, 0, 7, 145, 0, 0, 3, 1,
   10, 11, 12, 138, 109, 206, 136, 151, 89, 25, 105, 187, 2, 0, 170, 67, 3, 0,
   55, 135, 0, 0, 92, 10, 0, 0, 33, 0, 0, 0, 13, 0, 0, 0, 3, 0, 0, 0, 36, 0, 0,
   0, 231, 148, 67, 1, 27, 129, 0, 0, 216, 251, 72, 0, 160, 128, 0, 0, 224, 74,
   35, 0, 0, 0, 0, 0, 0, 0, 0, 0, 45, 63,


   181, 98, 1, 7, 92, 0, 44, 21, 106, 4,
   228, 7, 12, 13, 20, 34, 3, 55, 6, 0, 0, 0, 47, 114, 246, 5, 3, 129, 10, 11,
   11, 138, 109, 206, 8, 151, 89, 153, 115, 187, 2, 0, 180, 67, 3, 128, 56, 7,
   0, 0, 90, 10, 0, 0, 21, 0, 0, 0, 216, 255, 255, 255, 3, 0, 0, 0, 45, 0, 0, 0,
   231, 20, 67, 1, 95, 1, 0, 0, 35, 253, 72, 0, 160, 0, 0, 0, 224, 74, 35, 0, 0,
   0, 0, 0, 0, 0, 0, 0, 254, 174,


   181, 98, 1, 7, 92, 0, 144, 21, 106, 4, 228, 7,
   12, 13, 20, 34, 3, 55, 6, 0, 0, 0, 86, 83, 236, 11, 3, 1, 10, 11, 9, 138,
   109, 206, 9, 151, 89, 25, 115, 187, 2, 0, 180, 67, 3, 0, 57, 7, 0, 0, 89, 10,
   0, 0, 38, 0, 0, 0, 177, 255, 255, 255, 2, 0, 0, 0, 88, 0, 0, 0, 231, 20, 67,
   1, 110, 1, 0, 0, 122, 254, 72, 0, 160, 0, 0, 0, 224, 74, 35, 0, 0, 0, 0, 0,
   0, 0, 0, 0, 224, 2>>
