"$GNVTG,,T,,M,0.043,N,0.080,K,A*32",
"$GNGGA,145910.00,4231.80875,N,08310.09130,W,1,12,0.99,213.9,M,-34.9,M,,*76",
"$GNGSA,A,3,15,18,23,20,10,24,27,32,,,,,1.61,0.99,1.27*13",
"$GNGSA,A,3,65,71,80,87,,,,,,,,,1.61,0.99,1.27*1C",
"$GPGSV,3,1,09,08,10,311,,10,60,314,30,15,27,062,32,18,41,174,22*70",
"$GPGSV,3,2,09,20,78,078,34,23,76,054,34,24,52,081,38,27,16,275,21*70",
"$GPGSV,3,3,09,32,34,248,28*42",
"$GLGSV,3,1,10,65,12,275,20,70,13,073,,71,54,"
"$GPGSV,3,3,09,32,34,248,29*43",
"$GLGSV,3,1,10,65,12,276,13,70,13,073,,71,53,035,32,72,48,303,*68",
"$GLGSV,3,2,10,73,35,095,,74,15,146,,80,22,038,15,86,30,211,*67",
"$GLGSV,3,3,10,87,42,300,25,88,16,333,*6D",
"$GNGLL,4231.80763,N,08310.09045,W,145933.00,A,A*60",
"$GNRMC,145934.00,A,4231.80767,N,08310.09043,W,0.112,,131220,,,A*7D",
"$GNVTG,,T,,M,0.112,N,0.207,K,A*3A",
"$GNGGA,145934.00,4231.80767,N,08310.0"
"$GNRMC,145947.00,A,4231.80858,N,08310.09023,W,0.084,,131220,,,A*72",
"$GNVTG,,T,,M,0.084,N,0.156,K,A*33",
"$GNGGA,145947.00,4231.80858,N,08310.09023,W,1,12,0.99,213.4,M,-34.9,M,,*75",
"$GNGSA,A,3,15,18,23,20,10,24,27,32,,,,,1.61,0.99,1.26*12",
"$GNGSA,A,3,65,71,80,87,,,,,,,,,1.61,0.99,1.26*1D",
"$GNRMC,150004.00,A,4231.80982,N,08310.09050,W,0.087,,131220,,,A*79",
"$GNVTG,,T,,M,0.087,N,0.161,K,A*34",
"$GNGGA,150013.00,4231.81011,N,08310.09066,W,1,12,0.94,217.3,M,-34.9,M,,*72",
"$GNGSA,A,3,15,18,23,20,10,24,27,32,,,,,1.60,0.94,1.29*11",
"$GNGSA,A,3,65,71,80,87,73,,,,,,,,1.60,0.94,1.29*1A",
"$GPGSV,3,1,09,08,10,310,19,10,60,314,30,15,26,062,33,18,40,174,30*7B",
"$GPGSV,3,2,09,20,77,081,34,23,76,056,32,24,51,080,38,27,15,275,20*7D",
"$GPGSV,3,3,09,32,34,248,28*42",
"$GLGSV,3,1,10,65,12,276,16,70,13,073,,71"
"$GNGGA,150013.00,4231.81011,N,08310.09066,W,1,12,0.94,217.3,M,-34.9,M,,*72",
"$GNGSA,A,3,15,18,23,20,10,24,27,32,,,,,1.60,0.94,1.29*11",
"$GNGSA,A,3,65,71,80,87,73,,,,,,,,1.60,0.94,1.29*1A",
"$GPGSV,3,1,09,08,10,310,19,10,60,314,30,15,26,062,33,18,40,174,30*7B",
"$GPGSV,3,2,09,20,77,081,34,23,76,056,32,24,51,080,38,27,15,275,20*7D",
"$GPGSV,3,3,09,32,34,248,28*42",
"$GLGSV,3,1,10,65,12,276,16,70,13,073,,71"
"$GNGGA,150424.00,4231.80949,N,08310.09122,W,1,12,0.94,209.3,M,-34.9,M,,*79",
"$GNGSA,A,3,15,18,23,20,10,24,27,32,,,,,1.62,0.94,1.31*1A",
"$GNGSA,A,3,71,80,87,73,,,,,,,,,1.62,0.94,1.31*12",
"$GPGSV,3,3,10,27,15,273,31,32,35,250,28*77",
"$GLGSV,3,1,10,65,13,278,,70,11,"
"$GNGGA,150440.00,4231.80975,N,08310.09109,W,1,12,1.00,208.1,M,-34.9,M,,*72",
"$GNGSA,A,3,15,18,23,20,10,24,27,32,,,,,1.67,1.00,1.33*11",
"$GNGSA,A,3,71,80,87,73,,,,,,,,,1.67,1.00,1.33*19",
"$GPGSV,3,1,10,08,10,308,19,10,62,316,32,15,24,063,27,18,39,174,31*71",
